explainer,/Images/Anchors,/Images/Counterfactuals,/Images/GradCamTorch,/Images/LIME,/Tabular/ALE,/Tabular/Anchors,/Tabular/DeepSHAPGlobal,/Tabular/DeepSHAPLocal,/Tabular/DicePrivate,/Tabular/DicePublic,/Tabular/DisCERN,/Tabular/IREX,/Tabular/Importance,/Tabular/KernelSHAPGlobal,/Tabular/KernelSHAPLocal,/Tabular/LIME,/Tabular/NICE,/Tabular/TreeSHAPGlobal,/Tabular/TreeSHAPLocal,/Text/LIME,/Text/NLPClassifier,/Timeseries/CBRFox
/Images/Anchors,1.0,0.9343750000000001,0.7378472222222222,0.9357638888888888,0.0,0.0,0.0,0.0,0.0,0.0,0.0,0.0,0.0,0.0,0.0,0.0,0.0,0.0,0.0,0.0,0.0,0.0
/Images/Counterfactuals,0.9343750000000001,1.0,0.6531250000000001,0.9343750000000001,0.0,0.0,0.0,0.0,0.0,0.0,0.0,0.0,0.0,0.0,0.0,0.0,0.0,0.0,0.0,0.0,0.0,0.0
/Images/GradCamTorch,0.7378472222222222,0.6531250000000001,1.0,0.7378472222222222,0.0,0.0,0.0,0.0,0.0,0.0,0.0,0.0,0.0,0.0,0.0,0.0,0.0,0.0,0.0,0.0,0.0,0.0
/Images/LIME,0.9357638888888888,0.9343750000000001,0.7378472222222222,1.0,0.0,0.0,0.0,0.0,0.0,0.0,0.0,0.0,0.0,0.0,0.0,0.0,0.0,0.0,0.0,0.0,0.0,0.0
/Tabular/ALE,0.0,0.0,0.0,0.0,1.0,0.5560763888888889,0.7239583333333334,0.5572916666666666,0.5359375000000001,0.5359375000000001,0.6192708333333333,0.8151041666666666,0.7356770833333334,0.8072916666666666,0.6406249999999999,0.5782696759259259,0.6192708333333333,0.7235243055555555,0.5568576388888888,0.0,0.0,0.0
/Tabular/Anchors,0.0,0.0,0.0,0.0,0.5560763888888889,1.0,0.5096354166666667,0.6763020833333332,0.8510416666666667,0.8510416666666667,0.7677083333333333,0.5378472222222223,0.6880208333333333,0.5096354166666667,0.6763020833333332,0.7435300925925925,0.7677083333333333,0.5092013888888889,0.6758680555555555,0.0,0.0,0.0
/Tabular/DeepSHAPGlobal,0.0,0.0,0.0,0.0,0.7239583333333334,0.5096354166666667,1.0,0.77734375,0.4894965277777778,0.4478298611111111,0.3228298611111111,0.76171875,0.7200520833333334,0.7309027777777777,0.564236111111111,0.5782696759259259,0.40616319444444443,0.8143928433641975,0.6477261766975309,0.0,0.0,0.0
/Tabular/DeepSHAPLocal,0.0,0.0,0.0,0.0,0.5572916666666666,0.6763020833333332,0.77734375,1.0,0.6561631944444445,0.6144965277777777,0.4894965277777778,0.5950520833333333,0.7200520833333334,0.564236111111111,0.7309027777777777,0.7449363425925926,0.5728298611111111,0.6477261766975309,0.8143928433641975,0.0,0.0,0.0
/Tabular/DicePrivate,0.0,0.0,0.0,0.0,0.5359375000000001,0.8510416666666667,0.4894965277777778,0.6561631944444445,1.0,0.921875,0.7864583333333334,0.5177083333333333,0.6657986111111112,0.4894965277777778,0.6561631944444445,0.760474537037037,0.8697916666666666,0.4057291666666667,0.5723958333333333,0.0,0.0,0.0
/Tabular/DicePublic,0.0,0.0,0.0,0.0,0.5359375000000001,0.8510416666666667,0.4478298611111111,0.6144965277777777,0.921875,1.0,0.8072916666666666,0.5177083333333333,0.6657986111111112,0.4894965277777778,0.6561631944444445,0.760474537037037,0.8697916666666666,0.4196180555555556,0.5862847222222223,0.0,0.0,0.0
/Tabular/DisCERN,0.0,0.0,0.0,0.0,0.6192708333333333,0.7677083333333333,0.3228298611111111,0.4894965277777778,0.7864583333333334,0.8072916666666666,1.0,0.6010416666666667,0.5824652777777778,0.4894965277777778,0.6561631944444445,0.6771412037037038,0.953125,0.3501736111111111,0.5168402777777777,0.0,0.0,0.0
/Tabular/IREX,0.0,0.0,0.0,0.0,0.8151041666666666,0.5378472222222223,0.76171875,0.5950520833333333,0.5177083333333333,0.5177083333333333,0.6010416666666667,1.0,0.6067708333333334,0.6783854166666666,0.5117187499999999,0.4493634259259259,0.6010416666666667,0.7612847222222222,0.5946180555555555,0.0,0.0,0.0
/Tabular/Importance,0.0,0.0,0.0,0.0,0.7356770833333334,0.6880208333333333,0.7200520833333334,0.7200520833333334,0.6657986111111112,0.6657986111111112,0.5824652777777778,0.6067708333333334,1.0,0.7356770833333334,0.7356770833333334,0.7408854166666666,0.5824652777777778,0.7200520833333334,0.7200520833333334,0.0,0.0,0.0
/Tabular/KernelSHAPGlobal,0.0,0.0,0.0,0.0,0.8072916666666666,0.5096354166666667,0.7309027777777777,0.564236111111111,0.4894965277777778,0.4894965277777778,0.4894965277777778,0.6783854166666666,0.7356770833333334,1.0,0.77734375,0.5782696759259259,0.4894965277777778,0.7310595100308642,0.5643928433641975,0.0,0.0,0.0
/Tabular/KernelSHAPLocal,0.0,0.0,0.0,0.0,0.6406249999999999,0.6763020833333332,0.564236111111111,0.7309027777777777,0.6561631944444445,0.6561631944444445,0.6561631944444445,0.5117187499999999,0.7356770833333334,0.77734375,1.0,0.7449363425925926,0.6561631944444445,0.5643928433641975,0.7310595100308642,0.0,0.0,0.0
/Tabular/LIME,0.0,0.0,0.0,0.0,0.5782696759259259,0.7435300925925925,0.5782696759259259,0.7449363425925926,0.760474537037037,0.760474537037037,0.6771412037037038,0.4493634259259259,0.7408854166666666,0.5782696759259259,0.7449363425925926,1.0,0.6771412037037038,0.5759625277585453,0.7426291944252119,0.0,0.0,0.0
/Tabular/NICE,0.0,0.0,0.0,0.0,0.6192708333333333,0.7677083333333333,0.40616319444444443,0.5728298611111111,0.8697916666666666,0.8697916666666666,0.953125,0.6010416666666667,0.5824652777777778,0.4894965277777778,0.6561631944444445,0.6771412037037038,1.0,0.4057291666666667,0.5723958333333333,0.0,0.0,0.0
/Tabular/TreeSHAPGlobal,0.0,0.0,0.0,0.0,0.7235243055555555,0.5092013888888889,0.8143928433641975,0.6477261766975309,0.4057291666666667,0.4196180555555556,0.3501736111111111,0.7612847222222222,0.7200520833333334,0.7310595100308642,0.5643928433641975,0.5759625277585453,0.4057291666666667,1.0,0.7942708333333334,0.0,0.0,0.0
/Tabular/TreeSHAPLocal,0.0,0.0,0.0,0.0,0.5568576388888888,0.6758680555555555,0.6477261766975309,0.8143928433641975,0.5723958333333333,0.5862847222222223,0.5168402777777777,0.5946180555555555,0.7200520833333334,0.5643928433641975,0.7310595100308642,0.7426291944252119,0.5723958333333333,0.7942708333333334,1.0,0.0,0.0,0.0
/Text/LIME,0.0,0.0,0.0,0.0,0.0,0.0,0.0,0.0,0.0,0.0,0.0,0.0,0.0,0.0,0.0,0.0,0.0,0.0,0.0,1.0,0.6205555555555555,0.0
/Text/NLPClassifier,0.0,0.0,0.0,0.0,0.0,0.0,0.0,0.0,0.0,0.0,0.0,0.0,0.0,0.0,0.0,0.0,0.0,0.0,0.0,0.6205555555555555,1.0,0.0
/Timeseries/CBRFox,0.0,0.0,0.0,0.0,0.0,0.0,0.0,0.0,0.0,0.0,0.0,0.0,0.0,0.0,0.0,0.0,0.0,0.0,0.0,0.0,0.0,1.0
