explainer,/Images/Anchors,/Images/Counterfactuals,/Images/GradCamTorch,/Images/LIME,/Tabular/ALE,/Tabular/Anchors,/Tabular/DeepSHAPGlobal,/Tabular/DeepSHAPLocal,/Tabular/DicePrivate,/Tabular/DicePublic,/Tabular/DisCERN,/Tabular/IREX,/Tabular/Importance,/Tabular/KernelSHAPGlobal,/Tabular/KernelSHAPLocal,/Tabular/LIME,/Tabular/NICE,/Tabular/TreeSHAPGlobal,/Tabular/TreeSHAPLocal,/Text/LIME,/Text/NLPClassifier,/Timeseries/CBRFox
/Images/Anchors,1.0,0.7526881720430109,0.5268817204301076,0.849462365591398,0.0,0.0,0.0,0.0,0.0,0.0,0.0,0.0,0.0,0.0,0.0,0.0,0.0,0.0,0.0,0.0,0.0,0.0
/Images/Counterfactuals,0.7526881720430109,1.0,0.5268817204301076,0.7526881720430109,0.0,0.0,0.0,0.0,0.0,0.0,0.0,0.0,0.0,0.0,0.0,0.0,0.0,0.0,0.0,0.0,0.0,0.0
/Images/GradCamTorch,0.5268817204301076,0.5268817204301076,1.0,0.5268817204301076,0.0,0.0,0.0,0.0,0.0,0.0,0.0,0.0,0.0,0.0,0.0,0.0,0.0,0.0,0.0,0.0,0.0,0.0
/Images/LIME,0.849462365591398,0.7526881720430109,0.5268817204301076,1.0,0.0,0.0,0.0,0.0,0.0,0.0,0.0,0.0,0.0,0.0,0.0,0.0,0.0,0.0,0.0,0.0,0.0,0.0
/Tabular/ALE,0.0,0.0,0.0,0.0,1.0,0.4946236559139786,0.5913978494623656,0.30107526881720437,0.29032258064516137,0.3978494623655915,0.4086021505376345,0.7849462365591399,0.6881720430107529,0.6881720430107529,0.5053763440860216,0.5591397849462367,0.5053763440860216,0.5913978494623656,0.4086021505376345,0.0,0.0,0.0
/Tabular/Anchors,0.0,0.0,0.0,0.0,0.4946236559139786,1.0,0.19354838709677422,0.37634408602150543,0.5913978494623656,0.6989247311827957,0.6881720430107529,0.4946236559139786,0.5053763440860216,0.38709677419354843,0.5698924731182797,0.5806451612903227,0.78494623655914,0.19354838709677422,0.37634408602150543,0.0,0.0,0.0
/Tabular/DeepSHAPGlobal,0.0,0.0,0.0,0.0,0.5913978494623656,0.19354838709677422,1.0,0.5053763440860215,0.19354838709677422,0.19354838709677422,0.1827956989247312,0.5913978494623656,0.4946236559139785,0.5698924731182796,0.38709677419354843,0.3655913978494624,0.1827956989247312,0.7956989247311829,0.6129032258064516,0.0,0.0,0.0
/Tabular/DeepSHAPLocal,0.0,0.0,0.0,0.0,0.30107526881720437,0.37634408602150543,0.5053763440860215,1.0,0.47311827956989255,0.37634408602150543,0.3655913978494624,0.4086021505376345,0.4193548387096775,0.4946236559139785,0.6774193548387097,0.44086021505376344,0.3655913978494624,0.5053763440860215,0.6881720430107527,0.0,0.0,0.0
/Tabular/DicePrivate,0.0,0.0,0.0,0.0,0.29032258064516137,0.5913978494623656,0.19354838709677422,0.47311827956989255,1.0,0.7956989247311829,0.6989247311827957,0.29032258064516137,0.4086021505376345,0.29032258064516137,0.47311827956989255,0.48387096774193555,0.6989247311827957,0.19354838709677422,0.37634408602150543,0.0,0.0,0.0
/Tabular/DicePublic,0.0,0.0,0.0,0.0,0.3978494623655915,0.6989247311827957,0.19354838709677422,0.37634408602150543,0.7956989247311829,1.0,0.8064516129032259,0.3978494623655915,0.4086021505376345,0.29032258064516137,0.47311827956989255,0.48387096774193555,0.8064516129032259,0.19354838709677422,0.37634408602150543,0.0,0.0,0.0
/Tabular/DisCERN,0.0,0.0,0.0,0.0,0.4086021505376345,0.6881720430107529,0.1827956989247312,0.3655913978494624,0.6989247311827957,0.8064516129032259,1.0,0.40860215053763443,0.3978494623655915,0.29032258064516137,0.47311827956989255,0.47311827956989255,0.8172043010752689,0.1827956989247312,0.3655913978494624,0.0,0.0,0.0
/Tabular/IREX,0.0,0.0,0.0,0.0,0.7849462365591399,0.4946236559139786,0.5913978494623656,0.4086021505376345,0.29032258064516137,0.3978494623655915,0.40860215053763443,1.0,0.47311827956989255,0.5806451612903227,0.3978494623655915,0.34408602150537637,0.5053763440860216,0.5913978494623656,0.4086021505376345,0.0,0.0,0.0
/Tabular/Importance,0.0,0.0,0.0,0.0,0.6881720430107529,0.5053763440860216,0.4946236559139785,0.4193548387096775,0.4086021505376345,0.4086021505376345,0.3978494623655915,0.47311827956989255,1.0,0.5806451612903227,0.6129032258064517,0.6774193548387097,0.4946236559139786,0.4946236559139785,0.5268817204301076,0.0,0.0,0.0
/Tabular/KernelSHAPGlobal,0.0,0.0,0.0,0.0,0.6881720430107529,0.38709677419354843,0.5698924731182796,0.4946236559139785,0.29032258064516137,0.29032258064516137,0.29032258064516137,0.5806451612903227,0.5806451612903227,1.0,0.8172043010752689,0.45161290322580655,0.38709677419354843,0.5698924731182796,0.38709677419354843,0.0,0.0,0.0
/Tabular/KernelSHAPLocal,0.0,0.0,0.0,0.0,0.5053763440860216,0.5698924731182797,0.38709677419354843,0.6774193548387097,0.47311827956989255,0.47311827956989255,0.47311827956989255,0.3978494623655915,0.6129032258064517,0.8172043010752689,1.0,0.6344086021505377,0.5698924731182797,0.38709677419354843,0.5698924731182796,0.0,0.0,0.0
/Tabular/LIME,0.0,0.0,0.0,0.0,0.5591397849462367,0.5806451612903227,0.3655913978494624,0.44086021505376344,0.48387096774193555,0.48387096774193555,0.47311827956989255,0.34408602150537637,0.6774193548387097,0.45161290322580655,0.6344086021505377,1.0,0.5698924731182797,0.3655913978494624,0.5483870967741936,0.0,0.0,0.0
/Tabular/NICE,0.0,0.0,0.0,0.0,0.5053763440860216,0.78494623655914,0.1827956989247312,0.3655913978494624,0.6989247311827957,0.8064516129032259,0.8172043010752689,0.5053763440860216,0.4946236559139786,0.38709677419354843,0.5698924731182797,0.5698924731182797,1.0,0.1827956989247312,0.3655913978494624,0.0,0.0,0.0
/Tabular/TreeSHAPGlobal,0.0,0.0,0.0,0.0,0.5913978494623656,0.19354838709677422,0.7956989247311829,0.5053763440860215,0.19354838709677422,0.19354838709677422,0.1827956989247312,0.5913978494623656,0.4946236559139785,0.5698924731182796,0.38709677419354843,0.3655913978494624,0.1827956989247312,1.0,0.7204301075268817,0.0,0.0,0.0
/Tabular/TreeSHAPLocal,0.0,0.0,0.0,0.0,0.4086021505376345,0.37634408602150543,0.6129032258064516,0.6881720430107527,0.37634408602150543,0.37634408602150543,0.3655913978494624,0.4086021505376345,0.5268817204301076,0.38709677419354843,0.5698924731182796,0.5483870967741936,0.3655913978494624,0.7204301075268817,1.0,0.0,0.0,0.0
/Text/LIME,0.0,0.0,0.0,0.0,0.0,0.0,0.0,0.0,0.0,0.0,0.0,0.0,0.0,0.0,0.0,0.0,0.0,0.0,0.0,1.0,0.5376344086021506,0.0
/Text/NLPClassifier,0.0,0.0,0.0,0.0,0.0,0.0,0.0,0.0,0.0,0.0,0.0,0.0,0.0,0.0,0.0,0.0,0.0,0.0,0.0,0.5376344086021506,1.0,0.0
/Timeseries/CBRFox,0.0,0.0,0.0,0.0,0.0,0.0,0.0,0.0,0.0,0.0,0.0,0.0,0.0,0.0,0.0,0.0,0.0,0.0,0.0,0.0,0.0,1.0
